1,174
1,257
1,362
1,396
1,438
1,442
2,416
3,97
3,372
3,382
6,267
11,223
12,416
15,25
15,294
16,168
16,406
18,226
25,15
30,250
30,316
30,430
39,226
39,356
39,360
43,177
43,299
43,340
43,350
43,451
47,226
48,329
49,351
50,226
61,370
61,389
61,461
63,226
63,348
63,360
64,256
64,318
64,338
82,299
84,369
85,398
86,269
93,226
96,140
96,278
96,313
97,3
97,372
97,382
109,203
109,217
109,284
109,327
112,369
112,416
114,257
114,340
114,438
114,441
114,442
116,340
125,132
125,226
125,336
125,348
125,360
125,416
129,327
132,125
132,226
132,417
136,226
140,96
140,189
140,226
140,293
140,348
140,356
145,223
157,327
158,169
158,203
158,206
158,219
158,255
158,288
158,335
158,393
158,420
168,16
168,238
168,416
169,158
169,219
174,1
174,257
174,340
174,351
174,438
174,442
176,340
177,43
182,226
184,226
185,369
187,226
189,140
192,348
200,226
203,109
203,158
203,284
206,158
217,109
217,247
217,284
217,306
217,416
219,158
219,169
219,226
223,11
223,145
223,359
223,458
226,18
226,39
226,47
226,50
226,63
226,93
226,125
226,132
226,136
226,140
226,182
226,184
226,187
226,200
226,219
226,228
226,250
226,276
226,305
226,348
226,351
226,356
226,359
226,360
226,361
226,368
226,389
226,391
226,414
226,416
226,425
226,427
226,434
226,449
226,466
228,226
228,348
228,449
238,168
238,280
238,416
239,331
239,360
239,406
246,269
246,279
246,280
247,217
247,306
247,379
250,30
250,226
250,316
250,337
250,430
251,426
255,158
256,64
256,299
257,1
257,114
257,174
257,340
257,351
257,438
257,442
259,416
267,6
267,269
267,430
269,86
269,246
269,267
269,340
276,226
278,96
279,246
279,299
279,340
280,238
280,246
280,375
284,109
284,203
284,217
288,158
293,140
294,15
294,370
299,43
299,82
299,256
299,279
305,226
306,217
306,247
306,379
307,416
308,416
313,96
316,30
316,250
316,430
318,64
327,109
327,129
327,157
327,467
329,48
329,340
329,467
331,239
331,383
335,158
336,125
337,250
338,64
338,416
340,43
340,114
340,116
340,174
340,176
340,257
340,269
340,279
340,329
340,351
340,367
340,378
340,406
340,438
340,442
348,63
348,125
348,140
348,192
348,226
348,228
348,416
350,43
351,49
351,174
351,226
351,257
351,340
351,438
351,442
356,39
356,140
356,226
356,360
356,416
359,223
359,226
360,39
360,63
360,125
360,226
360,239
360,356
360,362
360,383
360,389
361,226
361,434
362,1
362,360
367,340
368,226
368,416
369,84
369,112
369,185
369,416
370,61
370,294
370,413
372,3
372,97
372,382
374,416
375,280
378,340
379,247
379,306
379,416
382,3
382,97
382,372
382,416
382,441
383,331
383,360
389,61
389,226
389,360
391,226
391,398
391,416
393,158
396,1
398,85
398,391
406,16
406,239
406,340
413,370
414,226
416,2
416,12
416,112
416,125
416,168
416,217
416,226
416,238
416,259
416,307
416,308
416,338
416,348
416,356
416,368
416,369
416,374
416,379
416,382
416,391
416,426
416,427
417,132
420,158
425,226
426,251
426,416
427,226
427,416
430,30
430,250
430,267
430,316
434,226
434,361
438,1
438,114
438,174
438,257
438,340
438,351
438,442
441,114
441,382
442,1
442,114
442,174
442,257
442,340
442,351
442,438
449,226
449,228
451,43
458,223
461,61
466,226
467,327
467,329
